OID,city,population,populati_1,populati_2,total_plan,numCyanoge,freqHCN,latitude_c,longitude_,continent,distance,max_dist,std_distan,BUFF_DIST,ORIG_FID,palmerston_north_072088_20180128_NDVI_pcs_OID,palmerston_north_072088_20180128_NDVI_pcs_FID_,palmerston_north_072088_20180128_NDVI_pcs_COUNT,palmerston_north_072088_20180128_NDVI_pcs_AREA,palmerston_north_072088_20180128_NDVI_pcs_MEAN
-1,Palmerston_North,1,-40.372500000000002,175.624169999999992,20,5,0.250000000000000,-40.356316999999997,175.611239000000012,Oceania,2.106700000000000,7.727000000000000,0.272600000000000,100.000000000000000,0,0,0,34,30600.000000000000000,0.610808280680000
-1,Palmerston_North,2,-40.372219999999999,175.623610000000014,17,8,0.471000000000000,-40.356316999999997,175.611239000000012,Oceania,2.055600000000000,7.727000000000000,0.266000000000000,100.000000000000000,1,1,1,13,11700.000000000000000,0.693155621107000
-1,Palmerston_North,3,-40.368070000000003,175.620540000000005,17,7,0.412000000000000,-40.356316999999997,175.611239000000012,Oceania,1.526100000000000,7.727000000000000,0.197500000000000,100.000000000000000,2,2,2,35,31500.000000000000000,0.515253598349000
-1,Palmerston_North,4,-40.366289999999999,175.618670000000009,15,10,0.667000000000000,-40.356316999999997,175.611239000000012,Oceania,1.275200000000000,7.727000000000000,0.165000000000000,100.000000000000000,3,3,3,32,28800.000000000000000,0.483701713383000
-1,Palmerston_North,5,-40.362580000000001,175.614970000000000,20,9,0.450000000000000,-40.356316999999997,175.611239000000012,Oceania,0.764800000000000,7.727000000000000,0.099000000000000,100.000000000000000,4,4,4,34,30600.000000000000000,0.386928518029000
-1,Palmerston_North,6,-40.361139999999999,175.614429999999999,16,6,0.375000000000000,-40.356316999999997,175.611239000000012,Oceania,0.600600000000000,7.727000000000000,0.077700000000000,100.000000000000000,5,5,5,32,28800.000000000000000,0.416668100283000
-1,Palmerston_North,7,-40.356070000000003,175.609870000000001,18,11,0.611000000000000,-40.356316999999997,175.611239000000012,Oceania,0.119200000000000,7.727000000000000,0.015400000000000,100.000000000000000,6,6,6,35,31500.000000000000000,0.351003525725000
-1,Palmerston_North,8,-40.360120000000002,175.605019999999996,18,14,0.778000000000000,-40.356316999999997,175.611239000000012,Oceania,0.675600000000000,7.727000000000000,0.087400000000000,100.000000000000000,7,7,7,32,28800.000000000000000,0.497549975757000
-1,Palmerston_North,9,-40.374800000000000,175.624459999999999,20,15,0.750000000000000,-40.356316999999997,175.611239000000012,Oceania,2.340600000000000,7.727000000000000,0.302900000000000,100.000000000000000,8,8,8,34,30600.000000000000000,0.644026403918000
-1,Palmerston_North,10,-40.360300000000002,175.604770000000002,18,9,0.500000000000000,-40.356316999999997,175.611239000000012,Oceania,0.704700000000000,7.727000000000000,0.091200000000000,100.000000000000000,9,9,9,8,7200.000000000000000,0.374137155712000
-1,Palmerston_North,11,-40.353630000000003,175.604420000000005,20,9,0.450000000000000,-40.356316999999997,175.611239000000012,Oceania,0.650500000000000,7.727000000000000,0.084200000000000,100.000000000000000,10,10,10,34,30600.000000000000000,0.493061084958000
-1,Palmerston_North,12,-40.350020000000001,175.605979999999988,20,12,0.600000000000000,-40.356316999999997,175.611239000000012,Oceania,0.830000000000000,7.727000000000000,0.107400000000000,100.000000000000000,11,11,11,34,30600.000000000000000,0.129817658303000
-1,Palmerston_North,13,-40.347969999999997,175.604489999999998,20,9,0.450000000000000,-40.356316999999997,175.611239000000012,Oceania,1.090200000000000,7.727000000000000,0.141100000000000,100.000000000000000,12,12,12,36,32400.000000000000000,0.269583402984000
-1,Palmerston_North,14,-40.346469999999997,175.604180000000014,20,10,0.500000000000000,-40.356316999999997,175.611239000000012,Oceania,1.247700000000000,7.727000000000000,0.161500000000000,100.000000000000000,13,13,13,33,29700.000000000000000,0.363608542491000
-1,Palmerston_North,15,-40.345030000000001,175.596939999999989,20,17,0.850000000000000,-40.356316999999997,175.611239000000012,Oceania,1.744500000000000,7.727000000000000,0.225800000000000,100.000000000000000,14,14,14,35,31500.000000000000000,0.575225669997000
-1,Palmerston_North,16,-40.341160000000002,175.594539999999995,19,16,0.842000000000000,-40.356316999999997,175.611239000000012,Oceania,2.200700000000000,7.727000000000000,0.284800000000000,100.000000000000000,15,15,15,34,30600.000000000000000,0.164056322887000
-1,Palmerston_North,17,-40.337100000000000,175.602450000000005,19,12,0.632000000000000,-40.356316999999997,175.611239000000012,Oceania,2.262900000000000,7.727000000000000,0.292900000000000,100.000000000000000,16,16,16,35,31500.000000000000000,0.532240256774000
-1,Palmerston_North,18,-40.338439999999999,175.595830000000007,20,15,0.750000000000000,-40.356316999999997,175.611239000000012,Oceania,2.378400000000000,7.727000000000000,0.307800000000000,100.000000000000000,17,17,17,36,32400.000000000000000,0.171735338505000
-1,Palmerston_North,19,-40.339619999999996,175.593169999999986,19,12,0.632000000000000,-40.356316999999997,175.611239000000012,Oceania,2.406600000000000,7.727000000000000,0.311500000000000,100.000000000000000,18,18,18,34,30600.000000000000000,0.268949232229000
-1,Palmerston_North,20,-40.335999999999999,175.593960000000010,19,16,0.842000000000000,-40.356316999999997,175.611239000000012,Oceania,2.692200000000000,7.727000000000000,0.348400000000000,100.000000000000000,19,19,19,33,29700.000000000000000,0.692149813428000
-1,Palmerston_North,21,-40.333039999999997,175.590489999999988,20,17,0.850000000000000,-40.356316999999997,175.611239000000012,Oceania,3.129100000000000,7.727000000000000,0.405000000000000,100.000000000000000,20,20,20,35,31500.000000000000000,0.662611922196000
-1,Palmerston_North,22,-40.328380000000003,175.585160000000002,18,13,0.722000000000000,-40.356316999999997,175.611239000000012,Oceania,3.812500000000000,7.727000000000000,0.493400000000000,100.000000000000000,21,21,21,35,31500.000000000000000,0.779455683913000
-1,Palmerston_North,23,-40.324100000000001,175.580270000000013,17,16,0.941000000000000,-40.356316999999997,175.611239000000012,Oceania,4.441000000000000,7.727000000000000,0.574700000000000,100.000000000000000,22,22,22,36,32400.000000000000000,0.696740761399000
-1,Palmerston_North,24,-40.319429999999997,175.573919999999987,17,16,0.941000000000000,-40.356316999999997,175.611239000000012,Oceania,5.179600000000000,7.727000000000000,0.670300000000000,100.000000000000000,23,23,23,34,30600.000000000000000,0.735606892144000
-1,Palmerston_North,26,-40.313079999999999,175.567669999999993,19,17,0.895000000000000,-40.356316999999997,175.611239000000012,Oceania,6.062400000000000,7.727000000000000,0.784600000000000,100.000000000000000,25,24,25,36,32400.000000000000000,0.758700437016000
-1,Palmerston_North,27,-40.334159999999997,175.592260000000010,19,16,0.842000000000000,-40.356316999999997,175.611239000000012,Oceania,2.942300000000000,7.727000000000000,0.380800000000000,100.000000000000000,26,25,26,34,30600.000000000000000,0.794564599500000
-1,Palmerston_North,28,-40.330019999999998,175.587529999999987,19,15,0.789000000000000,-40.356316999999997,175.611239000000012,Oceania,3.547900000000000,7.727000000000000,0.459200000000000,100.000000000000000,27,26,27,36,32400.000000000000000,0.748615710272000
-1,Palmerston_North,29,-40.326200000000000,175.583210000000008,18,15,0.833000000000000,-40.356316999999997,175.611239000000012,Oceania,4.105900000000000,7.727000000000000,0.531400000000000,100.000000000000000,28,27,28,35,31500.000000000000000,0.678477433111000
-1,Palmerston_North,30,-40.311419999999998,175.565760000000012,16,15,0.938000000000000,-40.356316999999997,175.611239000000012,Oceania,6.307400000000000,7.727000000000000,0.816300000000000,100.000000000000000,29,28,29,35,31500.000000000000000,0.752665185928000
-1,Palmerston_North,31,-40.308149999999998,175.562230000000000,20,17,0.850000000000000,-40.356316999999997,175.611239000000012,Oceania,6.778200000000000,7.727000000000000,0.877200000000000,100.000000000000000,30,29,30,37,33300.000000000000000,0.686035764378000
-1,Palmerston_North,32,-40.306190000000001,175.559750000000008,18,15,0.833000000000000,-40.356316999999997,175.611239000000012,Oceania,7.079300000000000,7.727000000000000,0.916200000000000,100.000000000000000,31,30,31,37,33300.000000000000000,0.601201632538000
-1,Palmerston_North,33,-40.321910000000003,175.578100000000006,17,14,0.824000000000000,-40.356316999999997,175.611239000000012,Oceania,4.746200000000000,7.727000000000000,0.614200000000000,100.000000000000000,32,31,32,34,30600.000000000000000,0.693947897238000
-1,Palmerston_North,34,-40.307569999999998,175.555329999999998,16,15,0.938000000000000,-40.356316999999997,175.611239000000012,Oceania,7.200000000000000,7.727000000000000,0.931800000000000,100.000000000000000,33,32,33,35,31500.000000000000000,0.656904820033000
-1,Palmerston_North,35,-40.307169999999999,175.552619999999990,19,16,0.842000000000000,-40.356316999999997,175.611239000000012,Oceania,7.386100000000000,7.727000000000000,0.955900000000000,100.000000000000000,34,33,34,35,31500.000000000000000,0.641209002052000
-1,Palmerston_North,36,-40.306849999999997,175.550399999999996,16,14,0.875000000000000,-40.356316999999997,175.611239000000012,Oceania,7.539900000000000,7.727000000000000,0.975800000000000,100.000000000000000,35,34,35,35,31500.000000000000000,0.773819667952000
-1,Palmerston_North,37,-40.306289999999997,175.547969999999992,18,17,0.944000000000000,-40.356316999999997,175.611239000000012,Oceania,7.727000000000000,7.727000000000000,1.000000000000000,100.000000000000000,36,35,36,35,31500.000000000000000,0.703375690324000
-1,Palmerston_North,38,-40.305180000000000,175.558539999999994,15,14,0.933000000000000,-40.356316999999997,175.611239000000012,Oceania,7.231000000000000,7.727000000000000,0.935800000000000,100.000000000000000,37,36,37,29,26100.000000000000000,0.708647364172000
-1,Palmerston_North,39,-40.303910000000002,175.556999999999988,17,16,0.941000000000000,-40.356316999999997,175.611239000000012,Oceania,7.422700000000000,7.727000000000000,0.960600000000000,100.000000000000000,38,37,38,35,31500.000000000000000,0.750024199486000
-1,Palmerston_North,40,-40.301879999999997,175.554800000000000,19,19,1.000000000000000,-40.356316999999997,175.611239000000012,Oceania,7.715500000000000,7.727000000000000,0.998500000000000,100.000000000000000,39,38,39,36,32400.000000000000000,0.747906436523000