city,population,plant,plate_no,population_latitude,population_longitude,habitat_type,hcn_result
Tacoma,1,1,1,47.26287,-122.4486,Urban,0
Tacoma,1,2,1,47.26287,-122.4486,Urban,0
Tacoma,1,3,1,47.26287,-122.4486,Urban,0
Tacoma,1,4,1,47.26287,-122.4486,Urban,0
Tacoma,1,5,1,47.26287,-122.4486,Urban,0
Tacoma,1,6,1,47.26287,-122.4486,Urban,0
Tacoma,1,7,1,47.26287,-122.4486,Urban,0
Tacoma,1,8,1,47.26287,-122.4486,Urban,0
Tacoma,1,9,1,47.26287,-122.4486,Urban,0
Tacoma,1,10,1,47.26287,-122.4486,Urban,0
Tacoma,1,11,1,47.26287,-122.4486,Urban,0
Tacoma,1,12,1,47.26287,-122.4486,Urban,1
Tacoma,1,13,1,47.26287,-122.4486,Urban,0
Tacoma,1,14,1,47.26287,-122.4486,Urban,0
Tacoma,1,15,1,47.26287,-122.4486,Urban,0
Tacoma,1,16,1,47.26287,-122.4486,Urban,0
Tacoma,1,17,1,47.26287,-122.4486,Urban,0
Tacoma,1,18,1,47.26287,-122.4486,Urban,0
Tacoma,1,19,1,47.26287,-122.4486,Urban,0
Tacoma,1,20,1,47.26287,-122.4486,Urban,0
Tacoma,2,1,1,47.26068,-122.4498,Urban,0
Tacoma,2,2,1,47.26068,-122.4498,Urban,1
Tacoma,2,3,1,47.26068,-122.4498,Urban,1
Tacoma,2,4,1,47.26068,-122.4498,Urban,0
Tacoma,2,5,1,47.26068,-122.4498,Urban,1
Tacoma,2,6,1,47.26068,-122.4498,Urban,0
Tacoma,2,7,1,47.26068,-122.4498,Urban,0
Tacoma,2,8,1,47.26068,-122.4498,Urban,1
Tacoma,2,9,1,47.26068,-122.4498,Urban,0
Tacoma,2,10,1,47.26068,-122.4498,Urban,0
Tacoma,2,11,1,47.26068,-122.4498,Urban,0
Tacoma,2,12,1,47.26068,-122.4498,Urban,0
Tacoma,2,13,1,47.26068,-122.4498,Urban,0
Tacoma,2,14,1,47.26068,-122.4498,Urban,0
Tacoma,2,15,1,47.26068,-122.4498,Urban,0
Tacoma,2,16,1,47.26068,-122.4498,Urban,1
Tacoma,2,17,1,47.26068,-122.4498,Urban,0
Tacoma,2,18,1,47.26068,-122.4498,Urban,0
Tacoma,2,19,1,47.26068,-122.4498,Urban,0
Tacoma,2,20,1,47.26068,-122.4498,Urban,1
Tacoma,3,1,2,47.2578,-122.4472,Urban,0
Tacoma,3,2,2,47.2578,-122.4472,Urban,0
Tacoma,3,3,2,47.2578,-122.4472,Urban,0
Tacoma,3,4,2,47.2578,-122.4472,Urban,0
Tacoma,3,5,2,47.2578,-122.4472,Urban,0
Tacoma,3,6,2,47.2578,-122.4472,Urban,0
Tacoma,3,7,2,47.2578,-122.4472,Urban,0
Tacoma,3,8,2,47.2578,-122.4472,Urban,1
Tacoma,3,9,2,47.2578,-122.4472,Urban,0
Tacoma,3,10,2,47.2578,-122.4472,Urban,1
Tacoma,3,11,2,47.2578,-122.4472,Urban,0
Tacoma,3,12,2,47.2578,-122.4472,Urban,0
Tacoma,3,13,2,47.2578,-122.4472,Urban,0
Tacoma,3,14,2,47.2578,-122.4472,Urban,0
Tacoma,3,15,2,47.2578,-122.4472,Urban,0
Tacoma,3,16,2,47.2578,-122.4472,Urban,0
Tacoma,3,17,2,47.2578,-122.4472,Urban,0
Tacoma,3,18,2,47.2578,-122.4472,Urban,0
Tacoma,3,19,2,47.2578,-122.4472,Urban,1
Tacoma,3,20,2,47.2578,-122.4472,Urban,0
Tacoma,4,1,2,47.2555,-122.44927,Urban,1
Tacoma,4,2,2,47.2555,-122.44927,Urban,0
Tacoma,4,3,2,47.2555,-122.44927,Urban,0
Tacoma,4,4,2,47.2555,-122.44927,Urban,0
Tacoma,4,5,2,47.2555,-122.44927,Urban,1
Tacoma,4,6,2,47.2555,-122.44927,Urban,1
Tacoma,4,7,2,47.2555,-122.44927,Urban,1
Tacoma,4,8,2,47.2555,-122.44927,Urban,0
Tacoma,4,9,2,47.2555,-122.44927,Urban,0
Tacoma,4,10,2,47.2555,-122.44927,Urban,1
Tacoma,4,11,2,47.2555,-122.44927,Urban,1
Tacoma,4,12,2,47.2555,-122.44927,Urban,1
Tacoma,4,13,2,47.2555,-122.44927,Urban,1
Tacoma,4,14,2,47.2555,-122.44927,Urban,0
Tacoma,5,1,3,47.2567,-122.4458,Urban,0
Tacoma,5,2,3,47.2567,-122.4458,Urban,0
Tacoma,5,3,3,47.2567,-122.4458,Urban,0
Tacoma,5,4,3,47.2567,-122.4458,Urban,0
Tacoma,5,5,3,47.2567,-122.4458,Urban,0
Tacoma,5,6,3,47.2567,-122.4458,Urban,0
Tacoma,5,7,3,47.2567,-122.4458,Urban,0
Tacoma,5,8,3,47.2567,-122.4458,Urban,0
Tacoma,5,9,3,47.2567,-122.4458,Urban,0
Tacoma,5,10,3,47.2567,-122.4458,Urban,0
Tacoma,5,11,3,47.2567,-122.4458,Urban,0
Tacoma,5,12,3,47.2567,-122.4458,Urban,0
Tacoma,5,13,3,47.2567,-122.4458,Urban,0
Tacoma,5,14,3,47.2567,-122.4458,Urban,0
Tacoma,5,15,3,47.2567,-122.4458,Urban,0
Tacoma,5,16,3,47.2567,-122.4458,Urban,0
Tacoma,5,17,3,47.2567,-122.4458,Urban,0
Tacoma,5,18,3,47.2567,-122.4458,Urban,0
Tacoma,5,19,3,47.2567,-122.4458,Urban,0
Tacoma,6,1,3,47.25383,-122.45281000000001,Urban,0
Tacoma,6,2,3,47.25383,-122.45281000000001,Urban,0
Tacoma,6,3,3,47.25383,-122.45281000000001,Urban,1
Tacoma,6,4,3,47.25383,-122.45281000000001,Urban,0
Tacoma,6,5,3,47.25383,-122.45281000000001,Urban,0
Tacoma,6,6,3,47.25383,-122.45281000000001,Urban,0
Tacoma,6,7,3,47.25383,-122.45281000000001,Urban,0
Tacoma,6,8,3,47.25383,-122.45281000000001,Urban,1
Tacoma,6,9,3,47.25383,-122.45281000000001,Urban,1
Tacoma,6,10,3,47.25383,-122.45281000000001,Urban,1
Tacoma,6,11,3,47.25383,-122.45281000000001,Urban,1
Tacoma,6,12,3,47.25383,-122.45281000000001,Urban,1
Tacoma,6,13,3,47.25383,-122.45281000000001,Urban,1
Tacoma,6,14,3,47.25383,-122.45281000000001,Urban,1
Tacoma,6,15,3,47.25383,-122.45281000000001,Urban,0
Tacoma,6,16,3,47.25383,-122.45281000000001,Urban,0
Tacoma,6,17,3,47.25383,-122.45281000000001,Urban,0
Tacoma,6,18,3,47.25383,-122.45281000000001,Urban,0
Tacoma,6,19,3,47.25383,-122.45281000000001,Urban,0
Tacoma,6,20,3,47.25383,-122.45281000000001,Urban,0
Tacoma,7,1,4,47.2516,-122.4441,Urban,0
Tacoma,7,2,4,47.2516,-122.4441,Urban,0
Tacoma,7,3,4,47.2516,-122.4441,Urban,0
Tacoma,7,4,4,47.2516,-122.4441,Urban,0
Tacoma,7,5,4,47.2516,-122.4441,Urban,0
Tacoma,7,6,4,47.2516,-122.4441,Urban,0
Tacoma,7,7,4,47.2516,-122.4441,Urban,0
Tacoma,7,8,4,47.2516,-122.4441,Urban,0
Tacoma,7,9,4,47.2516,-122.4441,Urban,0
Tacoma,7,10,4,47.2516,-122.4441,Urban,0
Tacoma,7,11,4,47.2516,-122.4441,Urban,0
Tacoma,7,12,4,47.2516,-122.4441,Urban,0
Tacoma,7,13,4,47.2516,-122.4441,Urban,1
Tacoma,7,14,4,47.2516,-122.4441,Urban,1
Tacoma,7,15,4,47.2516,-122.4441,Urban,0
Tacoma,7,16,4,47.2516,-122.4441,Urban,1
Tacoma,7,17,4,47.2516,-122.4441,Urban,1
Tacoma,7,18,4,47.2516,-122.4441,Urban,0
Tacoma,7,19,4,47.2516,-122.4441,Urban,0
Tacoma,7,20,4,47.2516,-122.4441,Urban,0
Tacoma,8,1,4,47.249309999999994,-122.44723,Urban,0
Tacoma,8,2,4,47.249309999999994,-122.44723,Urban,0
Tacoma,8,3,4,47.249309999999994,-122.44723,Urban,0
Tacoma,8,4,4,47.249309999999994,-122.44723,Urban,0
Tacoma,8,5,4,47.249309999999994,-122.44723,Urban,0
Tacoma,8,6,4,47.249309999999994,-122.44723,Urban,0
Tacoma,8,7,4,47.249309999999994,-122.44723,Urban,0
Tacoma,8,8,4,47.249309999999994,-122.44723,Urban,0
Tacoma,8,9,4,47.249309999999994,-122.44723,Urban,1
Tacoma,8,10,4,47.249309999999994,-122.44723,Urban,0
Tacoma,8,11,4,47.249309999999994,-122.44723,Urban,0
Tacoma,9,1,5,47.2471,-122.4381,Urban,0
Tacoma,9,2,5,47.2471,-122.4381,Urban,0
Tacoma,9,3,5,47.2471,-122.4381,Urban,0
Tacoma,9,4,5,47.2471,-122.4381,Urban,0
Tacoma,9,5,5,47.2471,-122.4381,Urban,0
Tacoma,9,6,5,47.2471,-122.4381,Urban,0
Tacoma,9,7,5,47.2471,-122.4381,Urban,0
Tacoma,9,8,5,47.2471,-122.4381,Urban,0
Tacoma,9,9,5,47.2471,-122.4381,Urban,0
Tacoma,9,10,5,47.2471,-122.4381,Urban,0
Tacoma,9,11,5,47.2471,-122.4381,Urban,0
Tacoma,9,12,5,47.2471,-122.4381,Urban,0
Tacoma,9,13,5,47.2471,-122.4381,Urban,0
Tacoma,9,14,5,47.2471,-122.4381,Urban,0
Tacoma,9,15,5,47.2471,-122.4381,Urban,0
Tacoma,9,16,5,47.2471,-122.4381,Urban,0
Tacoma,9,17,5,47.2471,-122.4381,Urban,0
Tacoma,9,18,5,47.2471,-122.4381,Urban,0
Tacoma,9,19,5,47.2471,-122.4381,Urban,0
Tacoma,9,20,5,47.2471,-122.4381,Urban,0
Tacoma,10,1,5,47.246520000000004,-122.44151000000001,Urban,0
Tacoma,10,2,5,47.246520000000004,-122.44151000000001,Urban,0
Tacoma,10,3,5,47.246520000000004,-122.44151000000001,Urban,0
Tacoma,10,4,5,47.246520000000004,-122.44151000000001,Urban,0
Tacoma,10,5,5,47.246520000000004,-122.44151000000001,Urban,0
Tacoma,10,6,5,47.246520000000004,-122.44151000000001,Urban,0
Tacoma,10,7,5,47.246520000000004,-122.44151000000001,Urban,1
Tacoma,10,8,5,47.246520000000004,-122.44151000000001,Urban,0
Tacoma,10,9,5,47.246520000000004,-122.44151000000001,Urban,0
Tacoma,10,10,5,47.246520000000004,-122.44151000000001,Urban,0
Tacoma,10,11,5,47.246520000000004,-122.44151000000001,Urban,0
Tacoma,10,12,5,47.246520000000004,-122.44151000000001,Urban,1
Tacoma,10,13,5,47.246520000000004,-122.44151000000001,Urban,0
Tacoma,10,14,5,47.246520000000004,-122.44151000000001,Urban,0
Tacoma,10,15,5,47.246520000000004,-122.44151000000001,Urban,1
Tacoma,10,16,5,47.246520000000004,-122.44151000000001,Urban,0
Tacoma,10,17,5,47.246520000000004,-122.44151000000001,Urban,0
Tacoma,10,18,5,47.246520000000004,-122.44151000000001,Urban,0
Tacoma,11,1,6,47.2454,-122.4376,Urban,1
Tacoma,11,2,6,47.2454,-122.4376,Urban,1
Tacoma,11,3,6,47.2454,-122.4376,Urban,1
Tacoma,11,4,6,47.2454,-122.4376,Urban,1
Tacoma,11,5,6,47.2454,-122.4376,Urban,0
Tacoma,11,6,6,47.2454,-122.4376,Urban,0
Tacoma,11,7,6,47.2454,-122.4376,Urban,0
Tacoma,11,8,6,47.2454,-122.4376,Urban,0
Tacoma,11,9,6,47.2454,-122.4376,Urban,0
Tacoma,11,10,6,47.2454,-122.4376,Urban,1
Tacoma,11,11,6,47.2454,-122.4376,Urban,0
Tacoma,12,1,6,47.24324,-122.44093000000001,Urban,0
Tacoma,12,2,6,47.24324,-122.44093000000001,Urban,1
Tacoma,12,3,6,47.24324,-122.44093000000001,Urban,0
Tacoma,12,4,6,47.24324,-122.44093000000001,Urban,1
Tacoma,12,5,6,47.24324,-122.44093000000001,Urban,1
Tacoma,12,6,6,47.24324,-122.44093000000001,Urban,1
Tacoma,12,7,6,47.24324,-122.44093000000001,Urban,1
Tacoma,12,8,6,47.24324,-122.44093000000001,Urban,1
Tacoma,12,9,6,47.24324,-122.44093000000001,Urban,1
Tacoma,12,10,6,47.24324,-122.44093000000001,Urban,1
Tacoma,12,11,6,47.24324,-122.44093000000001,Urban,1
Tacoma,12,12,6,47.24324,-122.44093000000001,Urban,1
Tacoma,12,13,6,47.24324,-122.44093000000001,Urban,1
Tacoma,12,14,6,47.24324,-122.44093000000001,Urban,1
Tacoma,12,15,6,47.24324,-122.44093000000001,Urban,1
Tacoma,12,16,6,47.24324,-122.44093000000001,Urban,1
Tacoma,12,17,6,47.24324,-122.44093000000001,Urban,1
Tacoma,13,1,7,47.243,-122.4334,Urban,0
Tacoma,13,2,7,47.243,-122.4334,Urban,0
Tacoma,13,3,7,47.243,-122.4334,Urban,0
Tacoma,13,4,7,47.243,-122.4334,Urban,0
Tacoma,13,5,7,47.243,-122.4334,Urban,1
Tacoma,13,6,7,47.243,-122.4334,Urban,0
Tacoma,13,7,7,47.243,-122.4334,Urban,1
Tacoma,13,8,7,47.243,-122.4334,Urban,1
Tacoma,13,9,7,47.243,-122.4334,Urban,0
Tacoma,13,10,7,47.243,-122.4334,Urban,1
Tacoma,13,11,7,47.243,-122.4334,Urban,0
Tacoma,13,12,7,47.243,-122.4334,Urban,0
Tacoma,13,13,7,47.243,-122.4334,Urban,0
Tacoma,13,14,7,47.243,-122.4334,Urban,0
Tacoma,13,15,7,47.243,-122.4334,Urban,0
Tacoma,13,16,7,47.243,-122.4334,Urban,0
Tacoma,13,17,7,47.243,-122.4334,Urban,0
Tacoma,13,18,7,47.243,-122.4334,Urban,0
Tacoma,13,19,7,47.243,-122.4334,Urban,0
Tacoma,13,20,7,47.243,-122.4334,Urban,0
Tacoma,16,1,7,47.236909999999995,-122.42883,Urban,1
Tacoma,16,2,7,47.236909999999995,-122.42883,Urban,1
Tacoma,16,3,7,47.236909999999995,-122.42883,Urban,0
Tacoma,16,4,7,47.236909999999995,-122.42883,Urban,1
Tacoma,16,5,7,47.236909999999995,-122.42883,Urban,1
Tacoma,16,6,7,47.236909999999995,-122.42883,Urban,0
Tacoma,16,7,7,47.236909999999995,-122.42883,Urban,1
Tacoma,16,8,7,47.236909999999995,-122.42883,Urban,0
Tacoma,16,9,7,47.236909999999995,-122.42883,Urban,0
Tacoma,16,10,7,47.236909999999995,-122.42883,Urban,0
Tacoma,16,11,7,47.236909999999995,-122.42883,Urban,0
Tacoma,16,12,7,47.236909999999995,-122.42883,Urban,0
Tacoma,16,13,7,47.236909999999995,-122.42883,Urban,0
Tacoma,16,14,7,47.236909999999995,-122.42883,Urban,0
Tacoma,16,15,7,47.236909999999995,-122.42883,Urban,0
Tacoma,16,16,7,47.236909999999995,-122.42883,Urban,0
Tacoma,16,17,7,47.236909999999995,-122.42883,Urban,1
Tacoma,45,1,8,47.154903999999995,-122.36008000000001,Periurban,1
Tacoma,45,2,8,47.154903999999995,-122.36008000000001,Periurban,0
Tacoma,45,3,8,47.154903999999995,-122.36008000000001,Periurban,0
Tacoma,45,4,8,47.154903999999995,-122.36008000000001,Periurban,0
Tacoma,45,5,8,47.154903999999995,-122.36008000000001,Periurban,0
Tacoma,45,6,8,47.154903999999995,-122.36008000000001,Periurban,0
Tacoma,45,7,8,47.154903999999995,-122.36008000000001,Periurban,0
Tacoma,45,8,8,47.154903999999995,-122.36008000000001,Periurban,0
Tacoma,45,9,8,47.154903999999995,-122.36008000000001,Periurban,0
Tacoma,45,10,8,47.154903999999995,-122.36008000000001,Periurban,0
Tacoma,45,11,8,47.154903999999995,-122.36008000000001,Periurban,0
Tacoma,45,12,8,47.154903999999995,-122.36008000000001,Periurban,0
Tacoma,45,13,8,47.154903999999995,-122.36008000000001,Periurban,0
Tacoma,45,14,8,47.154903999999995,-122.36008000000001,Periurban,0
Tacoma,45,15,8,47.154903999999995,-122.36008000000001,Periurban,0
Tacoma,47,1,8,47.193915999999994,-122.38983200000001,Rural,0
Tacoma,47,2,8,47.193915999999994,-122.38983200000001,Rural,0
Tacoma,47,3,8,47.193915999999994,-122.38983200000001,Rural,0
Tacoma,47,4,8,47.193915999999994,-122.38983200000001,Rural,0
Tacoma,47,5,8,47.193915999999994,-122.38983200000001,Rural,0
Tacoma,47,6,8,47.193915999999994,-122.38983200000001,Rural,1
Tacoma,47,7,8,47.193915999999994,-122.38983200000001,Rural,0
Tacoma,47,8,8,47.193915999999994,-122.38983200000001,Rural,0
Tacoma,47,9,8,47.193915999999994,-122.38983200000001,Rural,0
Tacoma,47,10,8,47.193915999999994,-122.38983200000001,Rural,1
Tacoma,47,11,8,47.193915999999994,-122.38983200000001,Rural,1
Tacoma,47,12,8,47.193915999999994,-122.38983200000001,Rural,0
Tacoma,47,13,8,47.193915999999994,-122.38983200000001,Rural,0
Tacoma,47,14,8,47.193915999999994,-122.38983200000001,Rural,0
Tacoma,47,15,8,47.193915999999994,-122.38983200000001,Rural,1
Tacoma,47,16,8,47.193915999999994,-122.38983200000001,Rural,0
Tacoma,47,17,8,47.193915999999994,-122.38983200000001,Rural,0
Tacoma,47,18,8,47.193915999999994,-122.38983200000001,Rural,1
Tacoma,47,19,8,47.193915999999994,-122.38983200000001,Rural,1
Tacoma,47,20,8,47.193915999999994,-122.38983200000001,Rural,0
Tacoma,17,1,9,47.2325,-122.4211,Suburban,1
Tacoma,17,2,9,47.2325,-122.4211,Suburban,0
Tacoma,17,3,9,47.2325,-122.4211,Suburban,0
Tacoma,17,4,9,47.2325,-122.4211,Suburban,1
Tacoma,17,5,9,47.2325,-122.4211,Suburban,0
Tacoma,17,6,9,47.2325,-122.4211,Suburban,0
Tacoma,17,7,9,47.2325,-122.4211,Suburban,0
Tacoma,17,8,9,47.2325,-122.4211,Suburban,0
Tacoma,17,9,9,47.2325,-122.4211,Suburban,0
Tacoma,17,10,9,47.2325,-122.4211,Suburban,0
Tacoma,17,11,9,47.2325,-122.4211,Suburban,0
Tacoma,17,12,9,47.2325,-122.4211,Suburban,0
Tacoma,17,13,9,47.2325,-122.4211,Suburban,0
Tacoma,17,14,9,47.2325,-122.4211,Suburban,0
Tacoma,17,15,9,47.2325,-122.4211,Suburban,0
Tacoma,18,1,9,47.2286,-122.42204,Suburban,0
Tacoma,18,2,9,47.2286,-122.42204,Suburban,0
Tacoma,18,3,9,47.2286,-122.42204,Suburban,0
Tacoma,18,4,9,47.2286,-122.42204,Suburban,0
Tacoma,18,5,9,47.2286,-122.42204,Suburban,1
Tacoma,18,6,9,47.2286,-122.42204,Suburban,0
Tacoma,18,7,9,47.2286,-122.42204,Suburban,0
Tacoma,18,8,9,47.2286,-122.42204,Suburban,1
Tacoma,18,9,9,47.2286,-122.42204,Suburban,1
Tacoma,18,10,9,47.2286,-122.42204,Suburban,0
Tacoma,18,11,9,47.2286,-122.42204,Suburban,1
Tacoma,18,12,9,47.2286,-122.42204,Suburban,1
Tacoma,20,1,10,47.223690000000005,-122.42185,Suburban,1
Tacoma,20,2,10,47.223690000000005,-122.42185,Suburban,0
Tacoma,20,3,10,47.223690000000005,-122.42185,Suburban,0
Tacoma,20,4,10,47.223690000000005,-122.42185,Suburban,0
Tacoma,20,5,10,47.223690000000005,-122.42185,Suburban,0
Tacoma,20,6,10,47.223690000000005,-122.42185,Suburban,0
Tacoma,20,7,10,47.223690000000005,-122.42185,Suburban,0
Tacoma,20,8,10,47.223690000000005,-122.42185,Suburban,0
Tacoma,20,9,10,47.223690000000005,-122.42185,Suburban,0
Tacoma,20,10,10,47.223690000000005,-122.42185,Suburban,0
Tacoma,20,11,10,47.223690000000005,-122.42185,Suburban,0
Tacoma,20,12,10,47.223690000000005,-122.42185,Suburban,1
Tacoma,20,13,10,47.223690000000005,-122.42185,Suburban,0
Tacoma,21,1,10,47.223,-122.4314,Suburban,0
Tacoma,21,2,10,47.223,-122.4314,Suburban,1
Tacoma,21,3,10,47.223,-122.4314,Suburban,0
Tacoma,21,4,10,47.223,-122.4314,Suburban,0
Tacoma,21,5,10,47.223,-122.4314,Suburban,1
Tacoma,21,6,10,47.223,-122.4314,Suburban,0
Tacoma,21,7,10,47.223,-122.4314,Suburban,0
Tacoma,21,8,10,47.223,-122.4314,Suburban,0
Tacoma,21,9,10,47.223,-122.4314,Suburban,1
Tacoma,21,10,10,47.223,-122.4314,Suburban,0
Tacoma,21,11,10,47.223,-122.4314,Suburban,0
Tacoma,21,12,10,47.223,-122.4314,Suburban,0
Tacoma,21,13,10,47.223,-122.4314,Suburban,0
Tacoma,21,14,10,47.223,-122.4314,Suburban,0
Tacoma,21,15,10,47.223,-122.4314,Suburban,1
Tacoma,21,16,10,47.223,-122.4314,Suburban,1
Tacoma,21,17,10,47.223,-122.4314,Suburban,1
Tacoma,21,18,10,47.223,-122.4314,Suburban,0
Tacoma,21,19,10,47.223,-122.4314,Suburban,1
Tacoma,21,20,10,47.223,-122.4314,Suburban,0
Tacoma,22,1,11,47.21821,-122.41985,Suburban,1
Tacoma,22,2,11,47.21821,-122.41985,Suburban,0
Tacoma,22,3,11,47.21821,-122.41985,Suburban,0
Tacoma,22,4,11,47.21821,-122.41985,Suburban,0
Tacoma,22,5,11,47.21821,-122.41985,Suburban,0
Tacoma,22,6,11,47.21821,-122.41985,Suburban,0
Tacoma,22,7,11,47.21821,-122.41985,Suburban,0
Tacoma,22,8,11,47.21821,-122.41985,Suburban,0
Tacoma,22,9,11,47.21821,-122.41985,Suburban,0
Tacoma,22,10,11,47.21821,-122.41985,Suburban,0
Tacoma,22,11,11,47.21821,-122.41985,Suburban,1
Tacoma,22,12,11,47.21821,-122.41985,Suburban,0
Tacoma,22,13,11,47.21821,-122.41985,Suburban,0
Tacoma,22,14,11,47.21821,-122.41985,Suburban,0
Tacoma,22,15,11,47.21821,-122.41985,Suburban,1
Tacoma,22,16,11,47.21821,-122.41985,Suburban,0
Tacoma,22,17,11,47.21821,-122.41985,Suburban,0
Tacoma,23,1,11,47.2126,-122.4214,Suburban,0
Tacoma,23,2,11,47.2126,-122.4214,Suburban,0
Tacoma,23,3,11,47.2126,-122.4214,Suburban,0
Tacoma,23,4,11,47.2126,-122.4214,Suburban,0
Tacoma,23,5,11,47.2126,-122.4214,Suburban,0
Tacoma,23,6,11,47.2126,-122.4214,Suburban,0
Tacoma,23,7,11,47.2126,-122.4214,Suburban,1
Tacoma,23,8,11,47.2126,-122.4214,Suburban,0
Tacoma,23,9,11,47.2126,-122.4214,Suburban,0
Tacoma,23,10,11,47.2126,-122.4214,Suburban,0
Tacoma,23,11,11,47.2126,-122.4214,Suburban,0
Tacoma,23,12,11,47.2126,-122.4214,Suburban,1
Tacoma,23,13,11,47.2126,-122.4214,Suburban,0
Tacoma,23,14,11,47.2126,-122.4214,Suburban,1
Tacoma,23,15,11,47.2126,-122.4214,Suburban,0
Tacoma,23,16,11,47.2126,-122.4214,Suburban,0
Tacoma,23,17,11,47.2126,-122.4214,Suburban,0
Tacoma,23,18,11,47.2126,-122.4214,Suburban,1
Tacoma,23,19,11,47.2126,-122.4214,Suburban,0
Tacoma,23,20,11,47.2126,-122.4214,Suburban,0
Tacoma,24,1,12,47.21351,-122.40829,Periurban,1
Tacoma,24,2,12,47.21351,-122.40829,Periurban,0
Tacoma,24,3,12,47.21351,-122.40829,Periurban,1
Tacoma,24,4,12,47.21351,-122.40829,Periurban,1
Tacoma,24,5,12,47.21351,-122.40829,Periurban,0
Tacoma,24,6,12,47.21351,-122.40829,Periurban,0
Tacoma,24,7,12,47.21351,-122.40829,Periurban,1
Tacoma,24,8,12,47.21351,-122.40829,Periurban,0
Tacoma,24,9,12,47.21351,-122.40829,Periurban,0
Tacoma,24,10,12,47.21351,-122.40829,Periurban,0
Tacoma,24,11,12,47.21351,-122.40829,Periurban,0
Tacoma,24,12,12,47.21351,-122.40829,Periurban,0
Tacoma,24,13,12,47.21351,-122.40829,Periurban,1
Tacoma,24,14,12,47.21351,-122.40829,Periurban,1
Tacoma,24,15,12,47.21351,-122.40829,Periurban,1
Tacoma,24,16,12,47.21351,-122.40829,Periurban,1
Tacoma,24,17,12,47.21351,-122.40829,Periurban,0
Tacoma,24,18,12,47.21351,-122.40829,Periurban,0
Tacoma,24,19,12,47.21351,-122.40829,Periurban,1
Tacoma,27,1,12,47.209555,-122.40704199999999,Suburban,0
Tacoma,27,2,12,47.209555,-122.40704199999999,Suburban,1
Tacoma,27,3,12,47.209555,-122.40704199999999,Suburban,0
Tacoma,27,4,12,47.209555,-122.40704199999999,Suburban,0
Tacoma,27,5,12,47.209555,-122.40704199999999,Suburban,0
Tacoma,27,6,12,47.209555,-122.40704199999999,Suburban,0
Tacoma,27,7,12,47.209555,-122.40704199999999,Suburban,0
Tacoma,27,8,12,47.209555,-122.40704199999999,Suburban,0
Tacoma,27,9,12,47.209555,-122.40704199999999,Suburban,0
Tacoma,27,10,12,47.209555,-122.40704199999999,Suburban,0
Tacoma,27,11,12,47.209555,-122.40704199999999,Suburban,0
Tacoma,27,12,12,47.209555,-122.40704199999999,Suburban,0
Tacoma,27,13,12,47.209555,-122.40704199999999,Suburban,0
Tacoma,27,14,12,47.209555,-122.40704199999999,Suburban,0
Tacoma,27,15,12,47.209555,-122.40704199999999,Suburban,0
Tacoma,28,1,13,47.20633,-122.41152,Suburban,0
Tacoma,28,2,13,47.20633,-122.41152,Suburban,0
Tacoma,28,3,13,47.20633,-122.41152,Suburban,1
Tacoma,28,4,13,47.20633,-122.41152,Suburban,0
Tacoma,28,5,13,47.20633,-122.41152,Suburban,0
Tacoma,28,6,13,47.20633,-122.41152,Suburban,1
Tacoma,28,7,13,47.20633,-122.41152,Suburban,1
Tacoma,28,8,13,47.20633,-122.41152,Suburban,1
Tacoma,28,9,13,47.20633,-122.41152,Suburban,0
Tacoma,28,10,13,47.20633,-122.41152,Suburban,0
Tacoma,28,11,13,47.20633,-122.41152,Suburban,0
Tacoma,28,12,13,47.20633,-122.41152,Suburban,0
Tacoma,28,13,13,47.20633,-122.41152,Suburban,1
Tacoma,28,14,13,47.20633,-122.41152,Suburban,0
Tacoma,30,1,13,47.20367,-122.40708000000001,Suburban,0
Tacoma,30,2,13,47.20367,-122.40708000000001,Suburban,0
Tacoma,30,3,13,47.20367,-122.40708000000001,Suburban,0
Tacoma,30,4,13,47.20367,-122.40708000000001,Suburban,1
Tacoma,30,5,13,47.20367,-122.40708000000001,Suburban,0
Tacoma,30,6,13,47.20367,-122.40708000000001,Suburban,1
Tacoma,30,7,13,47.20367,-122.40708000000001,Suburban,0
Tacoma,30,8,13,47.20367,-122.40708000000001,Suburban,0
Tacoma,30,9,13,47.20367,-122.40708000000001,Suburban,0
Tacoma,30,10,13,47.20367,-122.40708000000001,Suburban,0
Tacoma,30,11,13,47.20367,-122.40708000000001,Suburban,0
Tacoma,30,12,13,47.20367,-122.40708000000001,Suburban,0
Tacoma,30,13,13,47.20367,-122.40708000000001,Suburban,0
Tacoma,30,14,13,47.20367,-122.40708000000001,Suburban,1
Tacoma,30,15,13,47.20367,-122.40708000000001,Suburban,0
Tacoma,30,16,13,47.20367,-122.40708000000001,Suburban,0
Tacoma,30,17,13,47.20367,-122.40708000000001,Suburban,0
Tacoma,30,18,13,47.20367,-122.40708000000001,Suburban,0
Tacoma,30,19,13,47.20367,-122.40708000000001,Suburban,1
Tacoma,30,20,13,47.20367,-122.40708000000001,Suburban,0
Tacoma,31,1,14,47.1982,-122.4083,Suburban,1
Tacoma,31,2,14,47.1982,-122.4083,Suburban,0
Tacoma,31,3,14,47.1982,-122.4083,Suburban,0
Tacoma,31,4,14,47.1982,-122.4083,Suburban,1
Tacoma,31,5,14,47.1982,-122.4083,Suburban,0
Tacoma,31,6,14,47.1982,-122.4083,Suburban,1
Tacoma,31,7,14,47.1982,-122.4083,Suburban,0
Tacoma,31,8,14,47.1982,-122.4083,Suburban,1
Tacoma,31,9,14,47.1982,-122.4083,Suburban,0
Tacoma,31,10,14,47.1982,-122.4083,Suburban,0
Tacoma,31,11,14,47.1982,-122.4083,Suburban,0
Tacoma,31,12,14,47.1982,-122.4083,Suburban,0
Tacoma,31,13,14,47.1982,-122.4083,Suburban,0
Tacoma,31,14,14,47.1982,-122.4083,Suburban,0
Tacoma,31,15,14,47.1982,-122.4083,Suburban,0
Tacoma,32,1,14,47.199020000000004,-122.39041,Periurban,0
Tacoma,32,2,14,47.199020000000004,-122.39041,Periurban,0
Tacoma,32,3,14,47.199020000000004,-122.39041,Periurban,0
Tacoma,32,4,14,47.199020000000004,-122.39041,Periurban,0
Tacoma,32,5,14,47.199020000000004,-122.39041,Periurban,0
Tacoma,32,6,14,47.199020000000004,-122.39041,Periurban,0
Tacoma,32,7,14,47.199020000000004,-122.39041,Periurban,0
Tacoma,32,8,14,47.199020000000004,-122.39041,Periurban,0
Tacoma,32,9,14,47.199020000000004,-122.39041,Periurban,0
Tacoma,32,10,14,47.199020000000004,-122.39041,Periurban,0
Tacoma,32,11,14,47.199020000000004,-122.39041,Periurban,0
Tacoma,32,12,14,47.199020000000004,-122.39041,Periurban,0
Tacoma,32,13,14,47.199020000000004,-122.39041,Periurban,0
Tacoma,32,14,14,47.199020000000004,-122.39041,Periurban,0
Tacoma,32,15,14,47.199020000000004,-122.39041,Periurban,0
Tacoma,32,16,14,47.199020000000004,-122.39041,Periurban,0
Tacoma,32,17,14,47.199020000000004,-122.39041,Periurban,1
Tacoma,32,18,14,47.199020000000004,-122.39041,Periurban,0
Tacoma,33,1,15,47.19558,-122.4040855,Suburban,0
Tacoma,33,2,15,47.19558,-122.4040855,Suburban,0
Tacoma,33,3,15,47.19558,-122.4040855,Suburban,0
Tacoma,33,4,15,47.19558,-122.4040855,Suburban,0
Tacoma,33,5,15,47.19558,-122.4040855,Suburban,0
Tacoma,33,6,15,47.19558,-122.4040855,Suburban,1
Tacoma,33,7,15,47.19558,-122.4040855,Suburban,1
Tacoma,33,8,15,47.19558,-122.4040855,Suburban,1
Tacoma,33,9,15,47.19558,-122.4040855,Suburban,0
Tacoma,33,10,15,47.19558,-122.4040855,Suburban,1
Tacoma,33,11,15,47.19558,-122.4040855,Suburban,0
Tacoma,33,12,15,47.19558,-122.4040855,Suburban,0
Tacoma,33,13,15,47.19558,-122.4040855,Suburban,1
Tacoma,33,14,15,47.19558,-122.4040855,Suburban,0
Tacoma,33,15,15,47.19558,-122.4040855,Suburban,1
Tacoma,33,16,15,47.19558,-122.4040855,Suburban,0
Tacoma,33,17,15,47.19558,-122.4040855,Suburban,0
Tacoma,33,18,15,47.19558,-122.4040855,Suburban,0
Tacoma,33,19,15,47.19558,-122.4040855,Suburban,0
Tacoma,33,20,15,47.19558,-122.4040855,Suburban,0
Tacoma,37,1,15,47.179765100000004,-122.40466200000002,Periurban,0
Tacoma,37,2,15,47.179765100000004,-122.40466200000002,Periurban,0
Tacoma,37,3,15,47.179765100000004,-122.40466200000002,Periurban,0
Tacoma,37,4,15,47.179765100000004,-122.40466200000002,Periurban,0
Tacoma,37,5,15,47.179765100000004,-122.40466200000002,Periurban,0
Tacoma,37,6,15,47.179765100000004,-122.40466200000002,Periurban,0
Tacoma,37,7,15,47.179765100000004,-122.40466200000002,Periurban,0
Tacoma,37,8,15,47.179765100000004,-122.40466200000002,Periurban,0
Tacoma,37,9,15,47.179765100000004,-122.40466200000002,Periurban,0
Tacoma,37,10,15,47.179765100000004,-122.40466200000002,Periurban,0
Tacoma,37,11,15,47.179765100000004,-122.40466200000002,Periurban,0
Tacoma,37,12,15,47.179765100000004,-122.40466200000002,Periurban,0
Tacoma,37,13,15,47.179765100000004,-122.40466200000002,Periurban,1
Tacoma,37,14,15,47.179765100000004,-122.40466200000002,Periurban,0
Tacoma,37,15,15,47.179765100000004,-122.40466200000002,Periurban,0
Tacoma,37,16,15,47.179765100000004,-122.40466200000002,Periurban,0
Tacoma,37,17,15,47.179765100000004,-122.40466200000002,Periurban,0
Tacoma,37,18,15,47.179765100000004,-122.40466200000002,Periurban,0
Tacoma,37,19,15,47.179765100000004,-122.40466200000002,Periurban,0
Tacoma,37,20,15,47.179765100000004,-122.40466200000002,Periurban,0
Tacoma,34,1,16,47.19257,-122.39622,Periurban,0
Tacoma,34,2,16,47.19257,-122.39622,Periurban,0
Tacoma,34,3,16,47.19257,-122.39622,Periurban,0
Tacoma,34,4,16,47.19257,-122.39622,Periurban,0
Tacoma,34,5,16,47.19257,-122.39622,Periurban,0
Tacoma,34,6,16,47.19257,-122.39622,Periurban,0
Tacoma,34,7,16,47.19257,-122.39622,Periurban,0
Tacoma,34,8,16,47.19257,-122.39622,Periurban,0
Tacoma,34,9,16,47.19257,-122.39622,Periurban,0
Tacoma,34,10,16,47.19257,-122.39622,Periurban,1
Tacoma,34,11,16,47.19257,-122.39622,Periurban,1
Tacoma,34,12,16,47.19257,-122.39622,Periurban,1
Tacoma,34,13,16,47.19257,-122.39622,Periurban,1
Tacoma,34,14,16,47.19257,-122.39622,Periurban,0
Tacoma,34,15,16,47.19257,-122.39622,Periurban,0
Tacoma,35,1,16,47.191615000000006,-122.39086,Periurban,1
Tacoma,35,2,16,47.191615000000006,-122.39086,Periurban,0
Tacoma,35,3,16,47.191615000000006,-122.39086,Periurban,1
Tacoma,35,4,16,47.191615000000006,-122.39086,Periurban,0
Tacoma,35,5,16,47.191615000000006,-122.39086,Periurban,0
Tacoma,35,6,16,47.191615000000006,-122.39086,Periurban,1
Tacoma,35,7,16,47.191615000000006,-122.39086,Periurban,0
Tacoma,35,8,16,47.191615000000006,-122.39086,Periurban,0
Tacoma,35,9,16,47.191615000000006,-122.39086,Periurban,0
Tacoma,35,10,16,47.191615000000006,-122.39086,Periurban,0
Tacoma,35,11,16,47.191615000000006,-122.39086,Periurban,0
Tacoma,35,12,16,47.191615000000006,-122.39086,Periurban,0
Tacoma,35,13,16,47.191615000000006,-122.39086,Periurban,0
Tacoma,35,14,16,47.191615000000006,-122.39086,Periurban,0
Tacoma,35,15,16,47.191615000000006,-122.39086,Periurban,0
Tacoma,35,16,16,47.191615000000006,-122.39086,Periurban,0
Tacoma,36,1,16,47.188790000000004,-122.39697,Periurban,0
Tacoma,36,2,16,47.188790000000004,-122.39697,Periurban,0
Tacoma,36,3,16,47.188790000000004,-122.39697,Periurban,0
Tacoma,36,4,16,47.188790000000004,-122.39697,Periurban,0
Tacoma,36,5,16,47.188790000000004,-122.39697,Periurban,1
Tacoma,36,6,16,47.188790000000004,-122.39697,Periurban,0
Tacoma,36,7,16,47.188790000000004,-122.39697,Periurban,1
Tacoma,36,8,16,47.188790000000004,-122.39697,Periurban,0
Tacoma,36,9,16,47.188790000000004,-122.39697,Periurban,1
Tacoma,36,10,16,47.188790000000004,-122.39697,Periurban,0
Tacoma,36,11,16,47.188790000000004,-122.39697,Periurban,1
Tacoma,36,12,16,47.188790000000004,-122.39697,Periurban,1
Tacoma,36,13,16,47.188790000000004,-122.39697,Periurban,0
Tacoma,36,14,16,47.188790000000004,-122.39697,Periurban,1
Tacoma,36,15,16,47.188790000000004,-122.39697,Periurban,0
Tacoma,36,16,16,47.188790000000004,-122.39697,Periurban,1
Tacoma,38,1,17,47.18058,-122.37926999999999,Rural,0
Tacoma,38,2,17,47.18058,-122.37926999999999,Rural,0
Tacoma,38,3,17,47.18058,-122.37926999999999,Rural,1
Tacoma,38,4,17,47.18058,-122.37926999999999,Rural,0
Tacoma,38,5,17,47.18058,-122.37926999999999,Rural,0
Tacoma,38,6,17,47.18058,-122.37926999999999,Rural,1
Tacoma,38,7,17,47.18058,-122.37926999999999,Rural,1
Tacoma,38,8,17,47.18058,-122.37926999999999,Rural,0
Tacoma,38,9,17,47.18058,-122.37926999999999,Rural,0
Tacoma,38,10,17,47.18058,-122.37926999999999,Rural,0
Tacoma,38,11,17,47.18058,-122.37926999999999,Rural,0
Tacoma,38,12,17,47.18058,-122.37926999999999,Rural,1
Tacoma,38,13,17,47.18058,-122.37926999999999,Rural,0
Tacoma,38,14,17,47.18058,-122.37926999999999,Rural,0
Tacoma,38,15,17,47.18058,-122.37926999999999,Rural,0
Tacoma,38,16,17,47.18058,-122.37926999999999,Rural,0
Tacoma,38,17,17,47.18058,-122.37926999999999,Rural,0
Tacoma,39,1,17,47.173858,-122.3960841,Periurban,0
Tacoma,39,2,17,47.173858,-122.3960841,Periurban,0
Tacoma,39,3,17,47.173858,-122.3960841,Periurban,1
Tacoma,39,4,17,47.173858,-122.3960841,Periurban,0
Tacoma,39,5,17,47.173858,-122.3960841,Periurban,0
Tacoma,39,6,17,47.173858,-122.3960841,Periurban,0
Tacoma,39,7,17,47.173858,-122.3960841,Periurban,0
Tacoma,39,8,17,47.173858,-122.3960841,Periurban,0
Tacoma,39,9,17,47.173858,-122.3960841,Periurban,0
Tacoma,39,10,17,47.173858,-122.3960841,Periurban,0
Tacoma,39,11,17,47.173858,-122.3960841,Periurban,0
Tacoma,39,12,17,47.173858,-122.3960841,Periurban,1
Tacoma,39,13,17,47.173858,-122.3960841,Periurban,0
Tacoma,39,14,17,47.173858,-122.3960841,Periurban,0
Tacoma,39,15,17,47.173858,-122.3960841,Periurban,0
Tacoma,39,16,17,47.173858,-122.3960841,Periurban,0
Tacoma,39,17,17,47.173858,-122.3960841,Periurban,0
Tacoma,39,18,17,47.173858,-122.3960841,Periurban,0
Tacoma,39,19,17,47.173858,-122.3960841,Periurban,0
Tacoma,39,20,17,47.173858,-122.3960841,Periurban,0
Tacoma,40,1,18,47.17373,-122.3896,Rural,0
Tacoma,40,2,18,47.17373,-122.3896,Rural,0
Tacoma,40,3,18,47.17373,-122.3896,Rural,0
Tacoma,40,4,18,47.17373,-122.3896,Rural,0
Tacoma,40,5,18,47.17373,-122.3896,Rural,0
Tacoma,40,6,18,47.17373,-122.3896,Rural,0
Tacoma,40,7,18,47.17373,-122.3896,Rural,0
Tacoma,40,8,18,47.17373,-122.3896,Rural,0
Tacoma,40,9,18,47.17373,-122.3896,Rural,1
Tacoma,40,10,18,47.17373,-122.3896,Rural,0
Tacoma,40,11,18,47.17373,-122.3896,Rural,0
Tacoma,40,12,18,47.17373,-122.3896,Rural,1
Tacoma,40,13,18,47.17373,-122.3896,Rural,0
Tacoma,40,14,18,47.17373,-122.3896,Rural,0
Tacoma,40,15,18,47.17373,-122.3896,Rural,0
Tacoma,40,16,18,47.17373,-122.3896,Rural,0
Tacoma,40,17,18,47.17373,-122.3896,Rural,0
Tacoma,40,18,18,47.17373,-122.3896,Rural,0
Tacoma,40,19,18,47.17373,-122.3896,Rural,1
Tacoma,40,20,18,47.17373,-122.3896,Rural,0
Tacoma,44,1,18,47.16467,-122.38351000000002,Rural,0
Tacoma,44,2,18,47.16467,-122.38351000000002,Rural,0
Tacoma,44,3,18,47.16467,-122.38351000000002,Rural,0
Tacoma,44,4,18,47.16467,-122.38351000000002,Rural,0
Tacoma,44,5,18,47.16467,-122.38351000000002,Rural,0
Tacoma,44,6,18,47.16467,-122.38351000000002,Rural,1
Tacoma,44,7,18,47.16467,-122.38351000000002,Rural,1
Tacoma,44,8,18,47.16467,-122.38351000000002,Rural,0
Tacoma,44,9,18,47.16467,-122.38351000000002,Rural,0
Tacoma,44,10,18,47.16467,-122.38351000000002,Rural,0
Tacoma,44,11,18,47.16467,-122.38351000000002,Rural,0
Tacoma,44,12,18,47.16467,-122.38351000000002,Rural,0
Tacoma,44,13,18,47.16467,-122.38351000000002,Rural,0
Tacoma,44,14,18,47.16467,-122.38351000000002,Rural,1
Tacoma,44,15,18,47.16467,-122.38351000000002,Rural,0
Tacoma,44,16,18,47.16467,-122.38351000000002,Rural,1
Tacoma,44,17,18,47.16467,-122.38351000000002,Rural,0
Tacoma,44,18,18,47.16467,-122.38351000000002,Rural,0
Tacoma,44,19,18,47.16467,-122.38351000000002,Rural,1
Tacoma,41,1,19,47.167107,-122.39714440000002,Rural,0
Tacoma,41,2,19,47.167107,-122.39714440000002,Rural,0
Tacoma,41,3,19,47.167107,-122.39714440000002,Rural,0
Tacoma,41,4,19,47.167107,-122.39714440000002,Rural,0
Tacoma,41,5,19,47.167107,-122.39714440000002,Rural,1
Tacoma,41,6,19,47.167107,-122.39714440000002,Rural,1
Tacoma,41,7,19,47.167107,-122.39714440000002,Rural,0
Tacoma,41,8,19,47.167107,-122.39714440000002,Rural,0
Tacoma,41,9,19,47.167107,-122.39714440000002,Rural,0
Tacoma,41,10,19,47.167107,-122.39714440000002,Rural,0
Tacoma,41,11,19,47.167107,-122.39714440000002,Rural,0
Tacoma,41,12,19,47.167107,-122.39714440000002,Rural,0
Tacoma,41,13,19,47.167107,-122.39714440000002,Rural,1
Tacoma,41,14,19,47.167107,-122.39714440000002,Rural,0
Tacoma,41,15,19,47.167107,-122.39714440000002,Rural,0
Tacoma,42,1,19,47.1766,-122.36918999999999,Rural,1
Tacoma,42,2,19,47.1766,-122.36918999999999,Rural,1
Tacoma,42,3,19,47.1766,-122.36918999999999,Rural,0
Tacoma,42,4,19,47.1766,-122.36918999999999,Rural,1
Tacoma,42,5,19,47.1766,-122.36918999999999,Rural,0
Tacoma,42,6,19,47.1766,-122.36918999999999,Rural,1
Tacoma,42,7,19,47.1766,-122.36918999999999,Rural,0
Tacoma,42,8,19,47.1766,-122.36918999999999,Rural,1
Tacoma,42,9,19,47.1766,-122.36918999999999,Rural,1
Tacoma,42,10,19,47.1766,-122.36918999999999,Rural,1
Tacoma,42,11,19,47.1766,-122.36918999999999,Rural,1
Tacoma,42,12,19,47.1766,-122.36918999999999,Rural,1
Tacoma,42,13,19,47.1766,-122.36918999999999,Rural,1
Tacoma,42,14,19,47.1766,-122.36918999999999,Rural,0
Tacoma,43,1,19,47.1621685,-122.37104879999998,Rural,0
Tacoma,43,2,19,47.1621685,-122.37104879999998,Rural,1
Tacoma,43,3,19,47.1621685,-122.37104879999998,Rural,0
Tacoma,43,4,19,47.1621685,-122.37104879999998,Rural,0
Tacoma,43,5,19,47.1621685,-122.37104879999998,Rural,1
Tacoma,43,6,19,47.1621685,-122.37104879999998,Rural,0
Tacoma,43,7,19,47.1621685,-122.37104879999998,Rural,0
Tacoma,43,8,19,47.1621685,-122.37104879999998,Rural,1
Tacoma,43,9,19,47.1621685,-122.37104879999998,Rural,0
Tacoma,43,10,19,47.1621685,-122.37104879999998,Rural,0
Tacoma,43,11,19,47.1621685,-122.37104879999998,Rural,0
Tacoma,43,12,19,47.1621685,-122.37104879999998,Rural,1
Tacoma,43,13,19,47.1621685,-122.37104879999998,Rural,0
Tacoma,43,14,19,47.1621685,-122.37104879999998,Rural,0
